THE PROBLEM HAVE 12 NODES AND WAS RANDOMLY GENERATED

PRIZE ASSOCIATED TO EACH NODES pi -> [1,100]
   0   49  100   22   69   37   13   39   67   34   50   45  

PENALTY ASSOCIATED TO EACH NODES gama_i -> [1,750]
 1000000   81  649  389  676  142  736   20  135  217  344  662  

TRAVEL COST BETWEEN THE NODES cij -> [50,1000]
    0   904   725   211   506   230   742   464   601   248   511   787   
  904     0   728   763   277   960   965   793   506   846   274   317   
  725   728     0   667   991   596   107   856   501   770   515   221   
  211   763   667     0   402   499   554   333   128   258   774   660   
  506   277   991   402     0   236   968   293   213   653   228   766   
  230   960   596   499   236     0   906   499   879   870   267   139   
  742   965   107   554   968   906     0   724   965   803   671   623   
  464   793   856   333   293   499   724     0   352   988   422   343   
  601   506   501   128   213   879   965   352     0    73   993    87   
  248   846   770   258   653   870   803   988    73     0   357   125   
  511   274   515   774   228   267   671   422   993   357     0   861   
  787   317   221   660   766   139   623   343    87   125   861     0   
  